[?25l[39m [38;2;0;0;0m                                     [38;2;139;141;133my[38;2;184;185;176my[38;2;193;193;184my[38;2;185;186;177my[38;2;157;160;149my[38;2;173;178;164m_                [39m
 [38;2;0;0;0m                                   [38;2;119;120;111my[38;2;197;197;188m@[38;2;218;218;207m@[38;2;215;213;195m@[38;2;165;152;134m@[38;2;228;224;212m@[38;2;227;213;189m@[38;2;219;194;154m@[38;2;170;137;86mL               [39m
 [38;2;0;0;0m                                  [38;2;82;85;76my[38;2;189;191;179m@[38;2;201;204;191m@[38;2;214;217;204m@[38;2;216;218;204m@[38;2;220;221;208m@[38;2;226;225;211m@[38;2;205;155;85m@[38;2;222;178;105m@[38;2;202;139;80m@[38;2;164;112;62my              [39m
 [38;2;0;0;0m                                  [38;2;193;196;186m$[38;2;203;205;194m@[38;2;190;192;177m@[38;2;170;172;152m@[38;2;136;139;113m@[38;2;103;105;79mE[38;2;157;148;122m~[38;2;155;108;49m~[38;2;176;118;58m~[38;2;138;96;56mF[38;2;165;113;82mP[38;2;166;142;123m@[38;2;99;92;78mw            [39m
 [38;2;0;0;0m                                 [38;2;184;189;176ma[38;2;209;210;203m@[38;2;216;218;210m@[38;2;219;221;212m@[38;2;220;221;213m@[38;2;213;214;205m@[38;2;197;200;186m@[38;2;104;109;96my                  [39m
 [38;2;0;0;0m                                 [38;2;166;173;155m@[38;2;192;198;183m@[38;2;201;206;193m@[38;2;204;208;195m@[38;2;211;213;200m@[38;2;214;216;204m@[38;2;217;218;208m@[38;2;217;218;210m@[38;2;194;197;186mg[38;2;174;178;159m_                [39m
 [38;2;0;0;0m                                 [38;2;174;176;161m@[38;2;195;197;185m@[38;2;201;202;192m@[38;2;204;204;193m@[38;2;212;213;203m@[38;2;213;214;204m@[38;2;212;212;204m@[38;2;216;218;206m@[38;2;219;221;208m@[38;2;218;219;207m@[38;2;205;208;193m@[38;2;178;180;165mg[38;2;119;122;104my             [39m
 [38;2;0;0;0m                          [38;2;214;216;205m_[38;2;167;169;162my[38;2;202;204;196my[38;2;224;225;218mg[38;2;198;200;193m$[38;2;205;207;197m@[38;2;208;209;200m@[38;2;206;207;198m@[38;2;209;211;200m@[38;2;213;214;202m@[38;2;215;217;204m@[38;2;213;215;201m@[38;2;215;217;204m@[38;2;218;220;207m@[38;2;221;222;209m@[38;2;220;221;208m@[38;2;221;221;207m@[38;2;217;217;203m@[38;2;213;213;198m@[38;2;210;210;194m@[38;2;201;200;180m@[38;2;179;179;158mg[38;2;196;195;175m_          [39m
 [38;2;0;0;0m                      [38;2;189;192;180m_[38;2;187;189;177my[38;2;225;227;215mg[38;2;231;233;223m@[38;2;235;235;228m@[38;2;233;233;228m@[38;2;232;233;227m@[38;2;233;233;226m@[38;2;235;236;227m@[38;2;232;233;225m@[38;2;231;233;225m@[38;2;228;229;221m@[38;2;227;229;220m@[38;2;225;226;217m@[38;2;224;225;217m@[38;2;224;225;216m@[38;2;223;224;214m@[38;2;226;227;218m@[38;2;226;228;216m@[38;2;222;223;208m@[38;2;223;221;208m@[38;2;218;216;201m@[38;2;214;211;196m@[38;2;208;206;190m@[38;2;210;206;192m@[38;2;212;209;194m@[38;2;211;208;192m@[38;2;198;196;178m@[38;2;162;161;144my[38;2;69;72;63m,       [39m
 [38;2;0;0;0m                   [38;2;96;99;90m_[38;2;184;186;177my[38;2;205;207;196m$[38;2;230;232;221m@[38;2;232;232;224m@[38;2;231;232;224m@[38;2;236;237;229m@[38;2;234;235;227m@[38;2;242;244;237m@[38;2;239;240;231m@[38;2;240;242;235m@[38;2;237;239;232m@[38;2;236;237;227m@[38;2;234;235;225m@[38;2;231;233;221m@[38;2;230;230;219m@[38;2;227;228;217m@[38;2;225;227;213m@[38;2;223;225;211m@[38;2;222;223;210m@[38;2;220;222;208m@[38;2;220;222;209m@[38;2;219;220;206m@[38;2;217;216;203m@[38;2;215;213;200m@[38;2;213;213;198m@[38;2;209;206;190m@[38;2;207;205;187m@[38;2;205;203;184m@[38;2;203;201;182m@[38;2;199;198;179m@[38;2;204;202;186m@[38;2;198;196;180m@[38;2;154;155;139my      [39m
 [38;2;0;0;0m                 [38;2;161;163;149m_[38;2;207;209;199ma[38;2;226;227;219m@[38;2;225;226;217m@[38;2;229;229;219m@[38;2;233;234;223m@[38;2;236;237;230m@[38;2;237;238;231m@[38;2;237;238;232m@[38;2;237;238;230m@[38;2;238;239;233m@@[38;2;240;241;232m@[38;2;238;238;228m@[38;2;234;235;224m@[38;2;232;232;219m@[38;2;231;231;219m@[38;2;230;231;218m@[38;2;228;229;216m@[38;2;226;227;213m@[38;2;225;224;210m@[38;2;223;223;207m@[38;2;222;220;205m@[38;2;219;219;205m@[38;2;217;217;201m@[38;2;216;214;198m@[38;2;213;211;193m@[38;2;211;210;194m@[38;2;210;209;193m@[38;2;206;206;190m@[38;2;202;201;186m@[38;2;201;199;183m@[38;2;196;194;176m@[38;2;190;188;170m@[38;2;186;184;165m@[38;2;192;191;174m@[38;2;178;180;160m$[38;2;120;124;108m_    [39m
 [38;2;0;0;0m               [38;2;87;90;82m_[38;2;203;205;195ma[38;2;229;231;223m@[38;2;232;233;226m@[38;2;232;233;221m@[38;2;233;233;222m@[38;2;232;233;223m@[38;2;234;234;226m@[38;2;238;238;229m@[38;2;236;237;229m@[38;2;238;238;231m@[38;2;237;237;228m@[38;2;238;239;232m@[38;2;237;238;230m@[38;2;237;238;228m@[38;2;236;237;226m@[38;2;234;235;224m@[38;2;232;232;220m@[38;2;229;230;218m@[38;2;228;228;217m@[38;2;226;227;214m@[38;2;226;224;210m@[38;2;227;224;209m@[38;2;224;221;205m@[38;2;223;219;205m@[38;2;220;218;204m@[38;2;218;217;203m@[38;2;215;213;198m@[38;2;214;211;196m@@[38;2;212;209;192m@[38;2;206;203;184m@[38;2;205;203;184m@[38;2;201;199;179m@[38;2;199;196;176m@[38;2;189;187;168m@[38;2;180;178;159m@[38;2;180;178;162m@[38;2;189;188;172m@[38;2;182;184;165m@[38;2;122;126;106m,   [39m
 [38;2;0;0;0m              [38;2;127;131;118my[38;2;202;205;192m@[38;2;223;225;216m@[38;2;229;230;224m@[38;2;237;239;233m@[38;2;238;240;234m@[38;2;238;239;233m@[38;2;233;234;224m@[38;2;236;236;224m@[38;2;235;236;225m@[38;2;234;235;224m@[38;2;238;239;230m@[38;2;237;238;230m@[38;2;238;239;233m@[38;2;235;236;228m@[38;2;235;236;227m@[38;2;235;236;225m@[38;2;233;233;223m@[38;2;230;231;219m@[38;2;228;229;215m@[38;2;224;225;212m@[38;2;225;226;213m@[38;2;224;223;209m@[38;2;221;222;208m@[38;2;221;222;209m@[38;2;222;222;210m@[38;2;219;220;208m@[38;2;216;216;203m@[38;2;215;214;201m@[38;2;214;213;198m@[38;2;210;209;193m@[38;2;208;207;190m@[38;2;209;208;192m@[38;2;204;203;185m@[38;2;200;199;179m@[38;2;198;195;174m@[38;2;193;189;168m@[38;2;192;188;167m@[38;2;184;183;164m@[38;2;176;177;160m@[38;2;185;187;171m@[38;2;174;178;156m$   [39m
 [38;2;0;0;0m             [38;2;158;160;149mg[38;2;213;215;202m@[38;2;215;216;204m@[38;2;224;224;215m@[38;2;227;227;219m@[38;2;233;234;227m@[38;2;235;235;226m@[38;2;235;236;228m@[38;2;234;235;225m@[38;2;236;237;226m@[38;2;233;234;223m@[38;2;231;232;220m@[38;2;236;236;226m@[38;2;236;236;228m@[38;2;235;235;227m@[38;2;236;236;227m@[38;2;235;235;224m@[38;2;233;232;224m@[38;2;232;233;224m@[38;2;228;229;217m@[38;2;227;228;215m@[38;2;225;226;214m@[38;2;223;224;212m@[38;2;223;223;211m@[38;2;222;223;211m@[38;2;221;222;209m@[38;2;220;220;207m@[38;2;217;217;204m@[38;2;216;214;201m@[38;2;213;211;198m@[38;2;210;209;194m@[38;2;207;205;188m@[38;2;202;200;182m@[38;2;205;204;189m@[38;2;201;200;181m@[38;2;199;196;177m@[38;2;198;196;177m@[38;2;192;189;169m@[38;2;188;185;165m@[38;2;174;175;157m@[38;2;180;180;164m@[38;2;176;176;158m@[38;2;169;170;152m@   [39m
 [38;2;0;0;0m           [38;2;177;180;171my[38;2;201;204;192m@[38;2;209;211;197m@[38;2;204;206;190m@[38;2;210;211;197m@[38;2;216;217;204m@[38;2;222;224;212m@[38;2;225;226;216m@[38;2;223;224;212m@[38;2;227;228;217m@[38;2;231;231;223m@[38;2;232;232;224m@[38;2;230;230;220m@[38;2;231;231;221m@[38;2;232;232;221m@[38;2;234;236;226m@[38;2;234;235;225m@[38;2;235;236;226m@@[38;2;232;234;224m@[38;2;233;232;224m@[38;2;231;232;220m@[38;2;229;230;217m@[38;2;226;227;215m@[38;2;224;225;212m@[38;2;222;223;211m@[38;2;222;223;210m@[38;2;220;221;208m@[38;2;217;218;205m@[38;2;216;218;204m@[38;2;213;214;199m@[38;2;212;209;194m@[38;2;209;205;192m@[38;2;204;204;188m@[38;2;203;202;186m@[38;2;202;203;185m@[38;2;200;199;182m@[38;2;197;197;179m@[38;2;196;197;178m@[38;2;187;187;169m@[38;2;175;177;159m@[38;2;174;174;155m@[38;2;169;167;147m@[38;2;171;171;150m@[38;2;159;161;142m@   [39m
 [38;2;0;0;0m        [38;2;139;141;132my[38;2;188;193;179ma[38;2;203;204;191m@[38;2;205;204;189m@[38;2;209;209;196m@[38;2;221;222;210m@[38;2;204;206;190m@[38;2;203;205;190m@[38;2;212;213;201m@[38;2;221;222;209m@[38;2;224;224;213m@[38;2;221;222;210m@[38;2;221;221;210m@[38;2;223;224;213m@[38;2;226;226;215m@[38;2;224;225;212m@[38;2;226;226;215m@[38;2;230;229;219m@[38;2;233;233;223m@[38;2;231;231;220m@[38;2;230;229;218m@[38;2;229;228;218m@[38;2;229;229;218m@[38;2;227;227;216m@[38;2;227;228;215m@[38;2;227;228;217m@[38;2;227;228;216m@[38;2;226;226;216m@[38;2;225;225;214m@[38;2;221;221;209m@[38;2;217;218;206m@[38;2;216;217;204m@[38;2;213;214;201m@[38;2;210;211;197m@[38;2;207;208;194m@[38;2;207;209;194m@[38;2;205;207;191m@[38;2;203;202;186m@[38;2;202;201;185m@[38;2;199;198;182m@[38;2;195;195;177m@[38;2;186;186;167m@[38;2;179;177;157m@[38;2;174;173;154m@[38;2;178;178;158m@[38;2;170;168;149m@[38;2;163;165;146m@[38;2;139;142;120m@   [39m
 [38;2;0;0;0m   [38;2;169;171;159my[38;2;204;206;194ma[38;2;184;182;165ma[38;2;191;187;167mg[38;2;189;187;170m@[38;2;209;210;197m@[38;2;212;213;199m@[38;2;205;203;187m@[38;2;213;210;197m@[38;2;210;209;194m@[38;2;217;218;205m@[38;2;216;217;204m@[38;2;207;209;194m@[38;2;206;208;194m@[38;2;216;217;204m@[38;2;215;216;203m@[38;2;209;210;196m@[38;2;210;212;196m@[38;2;212;214;199m@[38;2;214;216;201m@[38;2;219;220;207m@[38;2;218;220;206m@[38;2;221;222;209m@[38;2;227;227;217m@[38;2;223;224;212m@[38;2;222;224;210m@[38;2;224;225;212m@[38;2;225;226;214m@[38;2;225;225;213m@[38;2;223;224;211m@[38;2;222;222;210m@[38;2;220;221;207m@[38;2;218;219;205m@[38;2;217;219;204m@[38;2;214;216;201m@[38;2;213;213;199m@[38;2;213;212;197m@[38;2;210;210;195m@[38;2;210;209;194m@[38;2;207;205;191m@[38;2;205;206;192m@[38;2;202;203;186m@[38;2;200;199;182m@[38;2;194;196;179m@[38;2;194;194;176m@[38;2;189;189;170m@[38;2;185;184;164m@[38;2;175;173;153m@[38;2;165;167;146m@[38;2;163;162;141m@[38;2;157;158;136m@[38;2;141;144;123m@[38;2;86;88;72m~   [39m
 [38;2;0;0;0m [38;2;108;110;99mu[38;2;182;184;170m@[38;2;202;203;191m@[38;2;201;200;187m@[38;2;224;225;215m@[38;2;221;221;212m@[38;2;210;209;196m@[38;2;196;194;179m@[38;2;195;195;181m@[38;2;199;200;186m@[38;2;198;199;184m@[38;2;200;202;186m@[38;2;215;216;203m@[38;2;213;214;201m@[38;2;216;217;203m@[38;2;211;213;198m@[38;2;207;208;194m@[38;2;220;221;207m@[38;2;220;221;208m@[38;2;214;215;202m@[38;2;210;211;197m@[38;2;207;209;193m@[38;2;209;211;196m@[38;2;211;213;198m@[38;2;208;210;194m@[38;2;215;216;203m@[38;2;219;220;206m@[38;2;222;223;209m@[38;2;225;223;209m@[38;2;224;225;212m@[38;2;223;224;211m@[38;2;224;224;213m@[38;2;224;225;214m@[38;2;222;223;211m@[38;2;219;220;207m@[38;2;216;218;204m@[38;2;215;215;202m@[38;2;213;211;197m@[38;2;209;209;196m@[38;2;209;210;196m@[38;2;207;208;194m@[38;2;206;207;193m@[38;2;203;204;188m@[38;2;201;202;187m@[38;2;200;200;184m@[38;2;195;197;181m@[38;2;190;192;174m@[38;2;183;183;166m@[38;2;175;177;156m@[38;2;169;169;148m@[38;2;169;170;149m@[38;2;157;157;136m@[38;2;140;140;118m@[38;2;94;98;73mF    [39m
 [38;2;0;0;0m      [38;2;91;91;56m`[38;2;123;123;92m~[38;2;141;141;118m~[38;2;94;96;72mT[38;2;89;94;61m@[38;2;108;112;83m@[38;2;148;151;129m@[38;2;175;177;158m@[38;2;192;191;172m@[38;2;207;208;193m@[38;2;217;217;205m@[38;2;217;218;205m@[38;2;215;215;202m@[38;2;213;214;198m@[38;2;213;214;199m@[38;2;216;216;202m@[38;2;218;219;206m@[38;2;220;221;208m@[38;2;214;216;202m@[38;2;211;212;197m@[38;2;212;214;199m@[38;2;215;215;199m@[38;2;215;214;197m@[38;2;219;217;200m@[38;2;218;216;200m@[38;2;220;219;203m@[38;2;218;219;205m@[38;2;217;218;205m@[38;2;214;215;202m@[38;2;210;211;197m@[38;2;212;213;199m@[38;2;211;212;198m@[38;2;210;211;197m@[38;2;208;209;194m@[38;2;204;205;189m@[38;2;201;203;185m@[38;2;200;198;178m@[38;2;194;191;172m@[38;2;190;190;171m@[38;2;190;191;175m@[38;2;186;188;170m@[38;2;182;183;164m@[38;2;174;175;154m@[38;2;163;165;144m@[38;2;156;157;137m@[38;2;135;137;115m@[38;2;102;106;80m@[38;2;84;88;62m~     [39m
 [38;2;0;0;0m           [38;2;70;75;48m`[38;2;90;94;68m~[38;2;114;119;97m@[38;2;161;165;145m@[38;2;183;186;167m@[38;2;183;184;163m@[38;2;188;189;168m@[38;2;193;193;173m@[38;2;194;196;176m@[38;2;194;195;177m@[38;2;198;198;181m@[38;2;202;202;186m@[38;2;213;213;196m@[38;2;217;215;197m@[38;2;213;211;192m@[38;2;214;212;193m@[38;2;211;210;193m@[38;2;206;208;191m@[38;2;207;208;192m@[38;2;204;203;184m@[38;2;203;202;182m@[38;2;203;202;183m@[38;2;204;205;188m@[38;2;204;205;187m@[38;2;205;206;190m@[38;2;206;207;192m@[38;2;207;209;195m@[38;2;205;207;192m@[38;2;201;202;186m@[38;2;196;198;180m@[38;2;193;193;175m@[38;2;187;188;168m@[38;2;184;183;164m@[38;2;178;178;158m@[38;2;173;174;153m@[38;2;167;169;147m@[38;2;153;156;134m@[38;2;140;142;120m@[38;2;126;128;105m@[38;2;105;108;84mM[38;2;98;101;77m~       [39m
 [38;2;0;0;0m               [38;2;89;95;63m4[38;2;120;123;96m@[38;2;151;152;130m@[38;2;159;160;140m@[38;2;156;158;138m@[38;2;144;146;123m@[38;2;146;146;119m@[38;2;183;180;153m@[38;2;201;199;178m@[38;2;205;202;181m@[38;2;207;203;186m@[38;2;206;203;185m@[38;2;201;198;180m@[38;2;198;196;179m@[38;2;196;196;177m@[38;2;192;192;173m@[38;2;192;192;174m@[38;2;185;184;164m@[38;2;182;182;161m@[38;2;183;184;163m@[38;2;183;183;164m@[38;2;181;181;163m@[38;2;180;181;163m@[38;2;177;178;159m@[38;2;175;176;157m@[38;2;166;167;146m@[38;2;160;162;140m@[38;2;159;161;139m@[38;2;155;158;136m@[38;2;145;148;126m@[38;2;133;136;111m@[38;2;113;116;89m@[38;2;98;101;75m@[38;2;86;89;62m@[38;2;82;85;59m~         [39m
 [38;2;0;0;0m                 [38;2;80;82;52m~[38;2;88;89;56m~[38;2;92;96;59mR[38;2;118;120;89mR[38;2;127;125;94m@[38;2;139;137;106m@[38;2;146;144;112m@[38;2;171;168;142m@[38;2;183;181;158m@[38;2;180;180;158m@[38;2;173;175;152m@[38;2;171;172;151m@[38;2;170;171;149m@[38;2;169;169;147m@[38;2;163;164;141m@[38;2;166;167;145m@[38;2;163;165;143m@[38;2;158;161;139m@[38;2;156;158;136m@[38;2;147;149;127m@[38;2;138;141;118m@[38;2;131;134;110m@[38;2;121;125;98m@[38;2;113;117;89m@[38;2;103;107;78m@[38;2;96;99;68m@[38;2;86;90;59m@[38;2;79;85;54m@[38;2;74;80;49m@[38;2;82;88;55m~[38;2;74;79;47m~           [39m
 [38;2;0;0;0m                    [38;2;72;77;46m`[38;2;77;80;43m`[38;2;100;103;66m=[38;2;96;97;67m@[38;2;105;105;74mM[38;2;101;103;72m@[38;2;128;129;100m@[38;2;128;130;103m@[38;2;105;108;80m@[38;2;101;103;78m@[38;2;103;105;78m@[38;2;100;103;75m@[38;2;101;106;74m@[38;2;103;106;75m@[38;2;100;103;73m@[38;2;96;100;70m@[38;2;90;94;63m@[38;2;85;89;58m@[38;2;82;87;56m@[38;2;79;84;53m@[38;2;78;82;50m@[38;2;75;79;47mP[38;2;74;77;48m~[38;2;73;77;46m~[38;2;72;79;45m`              [39m
 [38;2;0;0;0m                        [38;2;102;104;86m`[38;2;91;90;68m~[38;2;81;85;51m^[38;2;96;100;77m4[38;2;131;134;107m@[38;2;162;165;144ma[38;2;146;149;126ma[38;2;81;84;58m@[38;2;76;80;48m~[38;2;76;80;50m~[38;2;77;81;49m~[38;2;78;80;48m~[38;2;74;77;47m~[38;2;73;75;47m`[38;2;72;76;45m~                    [39m
 [38;2;0;0;0m                             [38;2;132;86;49mg[38;2;146;93;52ma[38;2;115;73;41m,                           [39m
 [38;2;0;0;0m                             [38;2;115;79;44m`[38;2;137;80;41m@[38;2;151;95;56m$                           [39m
 [38;2;0;0;0m                              [38;2;140;97;63m@[38;2;163;111;72m@[38;2;157;114;85m$[38;2;189;129;90m_[38;2;135;92;66my[38;2;146;108;86my[38;2;132;100;78my[38;2;168;123;96m_[38;2;162;126;101m_                    [39m
 [38;2;0;0;0m                              [38;2;97;84;63m`[38;2;145;105;67m~[38;2;160;117;85m?[38;2;162;118;87mR[38;2;177;132;101m@[38;2;179;134;103m@[38;2;180;134;107m@[38;2;174;132;107m@[38;2;170;128;105m@[38;2;157;120;102mF[38;2;75;68;59m'                  [39m
 [38;2;0;0;0m                                     [38;2;82;78;50m`                     [39m
[?25h
             ██████╗  ██████╗  ██████╗ ████████╗███████╗
            ██╔════╝ ██╔═══██╗██╔═══██╗╚══██╔══╝██╔════╝
            ██║  ███╗██║   ██║██║   ██║   ██║   ███████╗
            ██║   ██║██║   ██║██║   ██║   ██║   ╚════██║
            ╚██████╔╝╚██████╔╝╚██████╔╝   ██║   ███████║
             ╚═════╝  ╚═════╝  ╚═════╝    ╚═╝   ╚══════╝
                                                        
